$ANSIBLE_VAULT;1.1;AES256
35306436633235613431306461636637346263373837623163303064343961373262633436636665
6261643234356337323830613464656264626433383833300a306332666163363365353937653362
35616635616666303035666430323032653162336566316339656534383366393665333038633662
3138386633653034350a383361306334623561386466666231633438336333643864323039303935
32326463343336356336633631363136373634613234376239343337393334373830303761626165
37643632303538313230303165393032663664306335643033643263383462613231646530393762
37346561396632376134613936376561396261666235653033613834326439386336303631653732
37643335356462363034396536393930333065386338343761376661373830663334666432386438
38623466323766666464383337613339333762353831623330626537336231343062303838336263
37353966306532623537333534646630313230653566613537633565333335396436653861333337
37303935336230383930373662326363383465316563636235373537326138643361353662306132
64623335663562393764303262313338323661323835306339666136666135323766323538303266
66316165373936616138633266633933383939373539383163656362313334636239363466666337
66613638343361373936626432323233383436346364343337323237336461663133323865373832
65666639356364653962366432316332313066323365356566383438343437303636656635383639
35373064316464343637633534373662636332313134363261373139326138653632393134303866
38316234323035346331626531633232653066353037323736343837636364323561326263323831
38383837623062353138336132343135343233616331613562386666623462396162323862623462
33343161616132323961613637336164616233356466383465646231386633363066633739396435
37623630386265666264363836666339633937336436303562376464343766623465303034616630
38393166656132356464626130306536336564303931623635333235363461323737616666373936
39363233666632396663666265656362626538343665363437653634363935646232303863383138
37396265333631346563356136643939343334653139343433653164353965386133623034313732
33326331623663303035396665666133623666323133643936333734626437306230323839383239
39346137333763336133306261343636306635636437373865393733313965386164616331646266
3137646266616561643365643862303830366536373561393061
